35113676	0.575023422	0.538881262	0.705553404	0.428571429	0.71205142	0.014084507	1	0.142857143	1
35113774	0.581434763	0.538454727	0.736506601	0.285714286	0.671506507	0.014084507	0.857142857	0.142857143	1
35116427	0.573042834	0.543506371	0.710746024	0.285714286	0.680647033	0.014084507	0.857142857	0.142857143	1
35119278	0.571428571	0.521272407	0.146087274	0.142857143	0.345182825	0.014084507	0.142857143	0.142857143	0
35119571	0.583754741	0.527045653	0.577758718	0.142857143	0.614412865	0.366197183	0.714285714	0.285714286	1
35120278	0.597667639	0.515718473	0.054920595	0.142857143	0.369150887	0.014084507	0.142857143	0.142857143	0
35120416	0.442176871	0.669864568	0.098458704	0.142857143	0.359708974	0.014084507	0.142857143	0.142857143	0
35120975	0.563957726	0.541680213	0.227782512	0.142857143	0.371111316	0.014084507	0.142857143	0.142857143	0
35121630	0.650510204	0.483378873	0.068557864	0.142857143	0.37396809	0.014084507	0.142857143	0.142857143	0
35121948	0.593692022	0.520415105	0.090758419	0.142857143	0.360812493	0.014084507	0.142857143	0.142857143	0
35123759	0.571954289	0.543958679	0.653773282	0.428571429	0.711466869	0.014084507	1	0.142857143	1
35126556	0.589256772	0.536806177	0.48781527	0.428571429	0.609905384	0.352112676	0.714285714	0.428571429	1
35127125	0.580517192	0.522967495	0.556219082	0.142857143	0.612617681	0.295774648	0.714285714	0.285714286	1
35129694	0.581395832	0.532882629	0.577475404	0.285714286	0.671057798	0.492957746	0.857142857	0.428571429	1
35131250	0.45112782	0.676205678	0.140249449	0.142857143	0.351545795	0.014084507	0.142857143	0.142857143	0
35132825	0.632653061	0.5330656	0.065518321	0.142857143	0.429823648	0.126760563	0.142857143	0.142857143	0
35134084	0.442176871	0.658182809	0.073071194	0.142857143	0.364037969	0.042253521	0.142857143	0.142857143	0
35134607	0.591716687	0.525747469	0.519338417	0.142857143	0.502442984	0.281690141	0.428571429	0.142857143	1
35134991	0.578231292	0.554227075	0.079338638	0.142857143	0.374898987	0.014084507	0.142857143	0.142857143	0
35135057	0.673469388	0.4776188	0.032376078	0.142857143	0.362976625	0.014084507	0.142857143	0.142857143	0
35135152	0.448979592	0.676806882	0.159883354	0.142857143	0.343849766	0.014084507	0.142857143	0.142857143	0
35135539	0.387755102	0.694414307	0.049949535	0.142857143	0.353960874	0.014084507	0.142857143	0.142857143	0
35135609	0.578925448	0.536302509	0.138985602	0.142857143	0.34249503	0.014084507	0.142857143	0.142857143	0
35135763	0.570945112	0.543788138	0.682433405	0.285714286	0.674276574	0.014084507	0.857142857	0.142857143	1
35135933	0.600441669	0.529343167	0.418139864	0.142857143	0.450120878	0.225352113	0.285714286	0.142857143	1
35136017	0.552998373	0.544699233	0.481133036	0.142857143	0.485635164	0.225352113	0.285714286	0.142857143	0
35136931	0.552995392	0.558154824	0.091870539	0.142857143	0.349058613	0.014084507	0.142857143	0.142857143	0
35137025	0.558390023	0.557175816	0.066136522	0.142857143	0.345182825	0.014084507	0.142857143	0.142857143	0
35137163	0.616780045	0.495970463	0.185122677	0.142857143	0.357457097	0.014084507	0.142857143	0.142857143	0
35137396	0.765306122	0.434058907	0.146662756	0.142857143	0.335369801	0.014084507	0.142857143	0.142857143	1
35137812	0.571428571	0.55567668	0.10510829	0.142857143	0.368153098	0.014084507	0.142857143	0.142857143	0
35138439	0.590561224	0.534102116	0.295253378	0.142857143	0.362976625	0.112676056	0.142857143	0.142857143	0
35138736	0.587290606	0.535292004	0.307345145	0.428571429	0.612189604	0.605633803	0.714285714	0.571428571	1
35204420	0.581132453	0.539154747	0.735768435	0.571428571	0.8048024	0.61971831	1	0.571428571	1
35204920	0.408163265	0.703941498	0.091055567	0.142857143	0.361901585	0.014084507	0.142857143	0.142857143	0
35206162	0.574211576	0.542377696	0.717148264	0.428571429	0.711743418	0.014084507	1	0.142857143	1
35206257	0.439643943	0.684079037	0.160472117	0.142857143	0.377630852	0.014084507	0.142857143	0.142857143	0
35206444	0.659620991	0.452916706	0.06000664	0.142857143	0.355142659	0.014084507	0.142857143	0.142857143	0
35206588	0.581632653	0.518861244	0.134064122	0.142857143	0.358590643	0.014084507	0.142857143	0.142857143	0
35206714	0.576923077	0.551373937	0.163049613	0.142857143	0.359708974	0.014084507	0.142857143	0.142857143	0
35206817	0.481049563	0.644788502	0.039836541	0.142857143	0.364037969	0.014084507	0.142857143	0.142857143	0
35207053	0.674006445	0.517408614	0.131095962	0.142857143	0.339717626	0.014084507	0.142857143	0.142857143	0
35207565	0.578231292	0.547565999	0.16294337	0.142857143	0.365085963	0.014084507	0.142857143	0.142857143	0
35207912	0.581518349	0.540029768	0.650701092	0.571428571	0.69047054	0.704225352	1	0.714285714	1
35211745	0.586734694	0.552824722	0.087100898	0.142857143	0.364037969	0.014084507	0.142857143	0.142857143	0
35211871	0.584516415	0.518996282	0.249752653	0.142857143	0.382839699	0.014084507	0.142857143	0.142857143	0
35212202	0.56122449	0.558460222	0.209931495	0.142857143	0.364037969	0.014084507	0.142857143	0.142857143	0
35212364	0.422740525	0.660770335	0.085435983	0.142857143	0.358590643	0.014084507	0.142857143	0.142857143	0
35215561	0.578231292	0.554227075	0.039944333	0.142857143	0.34249503	0.014084507	0.142857143	0.142857143	0
35215720	0.629251701	0.512500509	0.195638509	0.142857143	0.345182825	0.014084507	0.142857143	0.142857143	0
35216739	0.544217687	0.56511283	0.008698447	0.142857143	0.359708974	0.014084507	0.142857143	0.142857143	0
35216857	0.591836735	0.552187958	0.066795339	0.142857143	0.351545795	0.014084507	0.142857143	0.142857143	0
35217065	0.587557604	0.5380079	0.153395899	0.142857143	0.361901585	0.014084507	0.142857143	0.142857143	0
35217295	0.579446064	0.549513964	0.064703793	0.142857143	0.369150887	0.014084507	0.142857143	0.142857143	0
35217453	0.56122449	0.556601761	0.089974657	0.142857143	0.350311484	0.014084507	0.142857143	0.142857143	0
35228495	0.622905879	0.493046061	0.219999115	0.142857143	0.357457097	0.014084507	0.142857143	0.142857143	0
35228752	0.447588126	0.671612101	0.106110183	0.142857143	0.358590643	0.014084507	0.142857143	0.142857143	0
35229470	0.592159617	0.529992878	0.671617658	0.428571429	0.622614341	0.549295775	0.714285714	0.428571429	1
35229619	0.623582767	0.530682852	0.063056364	0.142857143	0.353960874	0.014084507	0.142857143	0.142857143	0
35232481	0.578231292	0.554227075	0.064200024	0.142857143	0.355142659	0.014084507	0.142857143	0.142857143	0
35232893	0.597050296	0.534494966	0.43782357	0.142857143	0.470052158	0.225352113	0.285714286	0.142857143	1
35249698	0.584352237	0.529193087	0.728118948	0.571428571	0.670019184	0.521126761	0.857142857	0.571428571	1
35249937	0.600054181	0.530845471	0.381457298	0.142857143	0.426402634	0.211267606	0.285714286	0.142857143	1
35249940	0.567170477	0.545798231	0.453239854	0.142857143	0.437590061	0.225352113	0.285714286	0.142857143	0
35251414	0.428571429	0.670498012	0.109135449	0.142857143	0.19977923	0.070422535	0.142857143	0.142857143	0
35252167	0.60236998	0.539996306	0.062007326	0.142857143	0.274590704	0.070422535	0.142857143	0.142857143	0
35252597	0.569727891	0.53931183	0.092230547	0.142857143	0.34249503	0.014084507	0.142857143	0.142857143	0
35253788	0.56122449	0.552986726	0.142421895	0.142857143	0.357457097	0.014084507	0.142857143	0.142857143	0
35262955	0.430029154	0.67268465	0.049006961	0.142857143	0.355142659	0.014084507	0.142857143	0.142857143	0
35262974	0.467687075	0.682391756	0.134740314	0.142857143	0.357457097	0.014084507	0.142857143	0.142857143	0
35270394	0.635792779	0.459298112	0.110586439	0.142857143	0.352762085	0.014084507	0.142857143	0.142857143	0
35271606	0.442176871	0.658182809	0.038522671	0.142857143	0.366120938	0.014084507	0.142857143	0.142857143	0
35271716	0.697278912	0.533854813	0.082882945	0.142857143	0.365085963	0.014084507	0.142857143	0.142857143	1
35278371	0.579231693	0.534546573	0.076270986	0.142857143	0.356307914	0.014084507	0.142857143	0.142857143	0
35278485	0.367346939	0.714238909	0.047397824	0.142857143	0.13408937	0.014084507	0.142857143	0.142857143	0
35282667	0.598214286	0.545502298	0.149431711	0.142857143	0.149279383	0.042253521	0.142857143	0.142857143	0
35282670	0.57755102	0.535293719	0.06129893	0.142857143	0.19977923	0.028169014	0.142857143	0.142857143	0
35282672	0.572157434	0.552897398	0.162279352	0.142857143	0.240809617	0.028169014	0.142857143	0.142857143	0
35286388	0.632653061	0.501214797	0.132625416	0.142857143	0.688690612	0.084507042	0.142857143	0.142857143	1
35286883	0.557664927	0.544025772	0.1462898	0.142857143	0.389313977	0.014084507	0.142857143	0.142857143	0
35295016	0.422740525	0.69669141	0.161890902	0.142857143	0.423354206	0.014084507	0.142857143	0.142857143	0
35295055	0.56122449	0.558460222	0.068759393	0.142857143	0.213697242	0.042253521	0.142857143	0.142857143	0
35296916	0.442176871	0.658182809	0.061462278	0.142857143	0.230996593	0.042253521	0.142857143	0.142857143	0
35298447	0.510204082	0.606204942	0.137557963	0.142857143	0.343849766	0.084507042	0.142857143	0.142857143	0
35298540	0.530791264	0.572797741	0.122701668	0.142857143	0.365085963	0.014084507	0.142857143	0.142857143	0
35298615	0.651491366	0.51564549	0.075541673	0.142857143	0.338293413	0.014084507	0.142857143	0.142857143	0
35298719	0.592495062	0.538438243	0.201656725	0.142857143	0.353960874	0.014084507	0.142857143	0.142857143	0
35298777	0.510204082	0.606204942	0.005990471	0.142857143	0.347786612	0.014084507	0.142857143	0.142857143	0
35299272	0.464852608	0.652045112	0.064073861	0.142857143	0.361901585	0.014084507	0.142857143	0.142857143	0
35299506	0.612244898	0.521991172	0.12696577	0.142857143	0.34649489	0.014084507	0.142857143	0.142857143	0
35299713	0.578231292	0.554227075	0.072026804	0.142857143	0.349058613	0.014084507	0.142857143	0.142857143	0
35299778	0.602796674	0.542528944	0.215872243	0.142857143	0.327577732	0.112676056	0.142857143	0.142857143	0
35300877	0.405162065	0.667821778	0.132561228	0.142857143	0.402931973	0.070422535	0.142857143	0.142857143	0
35301005	0.603741497	0.529191483	0.145352428	0.142857143	0.183060469	0.014084507	0.142857143	0.142857143	0
35301430	0.6234445	0.514373769	0.203466174	0.142857143	0.240809617	0.070422535	0.142857143	0.142857143	0
35301776	0.574758842	0.529591669	0.464950918	0.142857143	0.464871898	0.253521127	0.285714286	0.142857143	0
35301778	0.605442177	0.527034613	0.230271473	0.142857143	0.26817874	0.014084507	0.142857143	0.142857143	0
35303082	0.585680553	0.532027261	0.291080025	0.142857143	0.413476472	0.126760563	0.285714286	0.142857143	0
35303083	0.645137176	0.512680862	0.529792273	0.142857143	0.544116216	0.38028169	0.428571429	0.285714286	1
35303350	0.572830483	0.537402909	0.360830686	0.142857143	0.4765844	0.183098592	0.285714286	0.142857143	0
35303609	0.561689251	0.545635568	0.350204186	0.142857143	0.463284909	0.253521127	0.285714286	0.142857143	0
35303612	0.588566919	0.522624578	0.474437521	0.142857143	0.477128941	0.267605634	0.285714286	0.142857143	1
35304015	0.570790816	0.523096923	0.289185361	0.142857143	0.408060633	0.169014085	0.285714286	0.142857143	0
35305307	0.614795918	0.500706396	0.07835401	0.142857143	0.352762085	0.014084507	0.142857143	0.142857143	0
35307688	0.408163265	0.684171742	0.100387012	0.142857143	0.335369801	0.098591549	0.142857143	0.142857143	0
35311583	0.401360544	0.703724064	0.173310904	0.142857143	0.368153098	0.112676056	0.142857143	0.142857143	0
35315968	0.408163265	0.661335795	0.045327306	0.142857143	0.347786612	0.014084507	0.142857143	0.142857143	0
35316663	0.590379009	0.514752499	0.152891245	0.142857143	0.34649489	0.014084507	0.142857143	0.142857143	0
35317123	0.604320747	0.509743149	0.381077701	0.142857143	0.598772417	0.281690141	0.571428571	0.285714286	1
35317541	0.628356606	0.516301414	0.15074204	0.142857143	0.795606957	0.112676056	0.142857143	0.142857143	1
35318328	0.628078818	0.529217721	0.097600018	0.142857143	0.353960874	0.014084507	0.142857143	0.142857143	0
35319590	0.581872045	0.539578162	0.398567935	0.142857143	0.456616198	0.112676056	0.285714286	0.142857143	0
35320392	0.628644315	0.510416551	0.139566618	0.142857143	0.362976625	0.014084507	0.142857143	0.142857143	0
35321373	0.601108464	0.515978042	0.473507896	0.142857143	0.470347077	0.225352113	0.285714286	0.142857143	1
35321532	0.551020408	0.562100259	0.038706272	0.142857143	0.353960874	0.014084507	0.142857143	0.142857143	0
35322411	0.578231292	0.554227075	0.081494704	0.142857143	0.70015768	0.112676056	0.142857143	0.142857143	0
35322655	0.567382125	0.553858758	0.246878562	0.142857143	0.547682284	0.126760563	0.285714286	0.142857143	0
35322788	0.695939619	0.472753377	0.350479753	0.285714286	0.640597277	0.352112676	0.857142857	0.285714286	1
35323313	0.692803437	0.502170497	0.116542901	0.142857143	0.373026675	0.014084507	0.142857143	0.142857143	1
35323328	0.587614356	0.538831065	0.136902799	0.142857143	0.367143214	0.014084507	0.142857143	0.142857143	0
35323401	0.559183673	0.554206288	0.166382983	0.142857143	0.355142659	0.014084507	0.142857143	0.142857143	0
35324238	0.573634859	0.546977696	0.211673436	0.142857143	0.343849766	0.014084507	0.142857143	0.142857143	0
35324339	0.565862709	0.546903391	0.076773647	0.142857143	0.37396809	0.014084507	0.142857143	0.142857143	0
35324388	0.595238095	0.535626922	0.098769575	0.142857143	0.327577732	0.014084507	0.142857143	0.142857143	0
35324454	0.408163265	0.661335795	0.050220454	0.142857143	0.371111316	0.014084507	0.142857143	0.142857143	0
35325717	0.584975369	0.528818935	0.511369094	0.142857143	0.4651857	0.225352113	0.285714286	0.142857143	1
35327139	0.625	0.543421694	0.028417977	0.142857143	0.249587667	0.014084507	0.142857143	0.142857143	0
35334339	0.419501134	0.660994424	0.063107715	0.142857143	0.27144639	0.014084507	0.142857143	0.142857143	0
35335739	0.585625554	0.534782844	0.28165761	0.571428571	0.771411062	0.732394366	1	0.857142857	1
35337798	0.720976915	0.45953545	0.06737724	0.142857143	0.25365259	0.056338028	0.142857143	0.142857143	1
35341768	0.732142857	0.462104713	0.076993769	0.142857143	0.349058613	0.014084507	0.142857143	0.142857143	1
35341985	0.616681455	0.485115239	0.125597893	0.142857143	0.370136868	0.014084507	0.142857143	0.142857143	0
35343063	0.468112245	0.663660013	0.160965703	0.142857143	0.257528378	0.084507042	0.142857143	0.142857143	0
35344407	0.590928744	0.518824108	0.657242776	0.142857143	0.666152329	0.028169014	0.857142857	0.142857143	1
35346008	0.56122449	0.558460222	0.050443785	0.142857143	0.345182825	0.014084507	0.142857143	0.142857143	0
35346945	0.816326531	0.551074088	0.12230215	0.142857143	0.353960874	0.014084507	0.142857143	0.142857143	1
35347475	0.564058957	0.537769473	0.10301774	0.142857143	0.359708974	0.014084507	0.142857143	0.142857143	0
35347702	0.589496945	0.531058018	0.236368264	0.142857143	0.436713059	0.183098592	0.285714286	0.142857143	0
35347826	0.510204082	0.606204942	0.009178842	0.142857143	0.349058613	0.014084507	0.142857143	0.142857143	0
35347989	0.598562152	0.522792819	0.133171018	0.142857143	0.236047498	0.014084507	0.142857143	0.142857143	0
35348026	0.576611597	0.537333406	0.146305293	0.142857143	0.367143214	0.014084507	0.142857143	0.142857143	0
35348083	0.437317784	0.659037657	0.090253102	0.142857143	0.183060469	0.070422535	0.142857143	0.142857143	0
35348150	0.496598639	0.633709044	0.158874047	0.142857143	0.383677037	0.014084507	0.142857143	0.142857143	0
35348166	0.602398854	0.514789718	0.233049281	0.142857143	0.3338686	0.126760563	0.142857143	0.142857143	0
35348629	0.566893424	0.544642917	0.12486858	0.142857143	0.368153098	0.014084507	0.142857143	0.142857143	0
35348696	0.594237695	0.540060636	0.077916865	0.142857143	0.428374665	0.084507042	0.142857143	0.142857143	0
35348708	0.455259027	0.671491765	0.103069091	0.142857143	0.19977923	0.112676056	0.142857143	0.142857143	0
35348812	0.625	0.510964498	0.13890924	0.142857143	0.347786612	0.014084507	0.142857143	0.142857143	0
35348886	0.510204082	0.606204942	0.028931816	0.142857143	0.347786612	0.014084507	0.142857143	0.142857143	0
35349687	0.592213396	0.534604531	0.390733629	0.142857143	0.408060633	0.169014085	0.285714286	0.142857143	0
35349876	0.613877551	0.522817927	0.314928231	0.142857143	0.40553576	0.14084507	0.285714286	0.142857143	1
35351701	0.589364612	0.53263578	0.578468111	0.142857143	0.56946937	0.281690141	0.571428571	0.142857143	1
35380965	0.693877551	0.555078691	0.06942983	0.142857143	0.34649489	0.014084507	0.142857143	0.142857143	1
35388059	0.714285714	0.468684432	0.067639748	0.142857143	0.351545795	0.014084507	0.142857143	0.142857143	1
35408554	0.592855329	0.543976833	0.780218905	0.142857143	0.617186844	0.225352113	0.571428571	0.142857143	1
35408716	0.387755102	0.694414307	0.066900585	0.142857143	0.115498297	0.028169014	0.142857143	0.142857143	0
35416715	0.584399253	0.509089454	0.390220122	0.142857143	0.795220263	0.197183099	0.428571429	0.142857143	1
35430820	0.588072642	0.53057233	0.431130269	0.142857143	0.469756192	0.253521127	0.285714286	0.142857143	1
35462638	0.560427296	0.550646717	0.329383902	0.142857143	0.793216662	0.112676056	0.285714286	0.142857143	1
35463484	0.607808341	0.52098516	0.09296152	0.142857143	0.162122356	0.056338028	0.142857143	0.142857143	0
35479869	0.605102041	0.510396147	0.334268861	0.142857143	0.748877478	0.112676056	0.142857143	0.142857143	1
35479870	0.646258503	0.520570941	0.162413263	0.142857143	0.684089599	0.098591549	0.142857143	0.142857143	1
35479916	0.543217287	0.562424558	0.189659027	0.142857143	0.324244712	0.084507042	0.142857143	0.142857143	0
35480667	0.469387755	0.650309624	0.086526301	0.142857143	0.48213194	0.112676056	0.142857143	0.142857143	0
35481584	0.54881412	0.56301997	0.09241448	0.142857143	0.350311484	0.014084507	0.142857143	0.142857143	0
35482919	0.400191327	0.689647113	0.243499817	0.142857143	0.686080025	0.112676056	0.285714286	0.142857143	0
35486483	0.592621664	0.541297998	0.161244591	0.142857143	0.324244712	0.070422535	0.142857143	0.142857143	0
35487632	0.591836735	0.552187958	0.039758851	0.142857143	0.3338686	0.014084507	0.142857143	0.142857143	0
35487731	0.575981305	0.535362565	0.511754225	0.142857143	0.505394216	0.267605634	0.428571429	0.142857143	1
35489361	0.632653061	0.506248087	0.242075499	0.142857143	0.191838518	0.056338028	0.142857143	0.142857143	0
35491814	0.604395604	0.536263301	0.148821921	0.142857143	0.219871504	0.042253521	0.142857143	0.142857143	0
35491994	0.586734694	0.547190889	0.053375978	0.142857143	0.300841495	0.126760563	0.142857143	0.142857143	0
35492461	0.588230031	0.515995136	0.497131442	0.142857143	0.502643018	0.281690141	0.428571429	0.142857143	1
35492944	0.612244898	0.551074088	0.015529388	0.142857143	0.213697242	0.028169014	0.142857143	0.142857143	0
35493937	0.604591837	0.539661408	0.068573911	0.142857143	0.347786612	0.014084507	0.142857143	0.142857143	0
35496256	0.676870748	0.45540193	0.068907912	0.142857143	0.361901585	0.014084507	0.142857143	0.142857143	0
35498704	0.510204082	0.606204942	0.081610022	0.142857143	0.13408937	0.042253521	0.142857143	0.142857143	0
35498974	0.579493516	0.537938468	0.204168926	0.142857143	0.485879847	0.267605634	0.285714286	0.142857143	0
35499428	0.544217687	0.56511283	0.091608805	0.142857143	0.19977923	0.070422535	0.142857143	0.142857143	0
35500407	0.527210884	0.585658886	0.105017762	0.142857143	0.149279383	0.014084507	0.142857143	0.142857143	0
35500638	0.411164466	0.687796955	0.222896446	0.142857143	0.43124786	0.112676056	0.142857143	0.142857143	0
35500768	0.918367347	0.310825568	0.11440255	0.142857143	0.351545795	0.014084507	0.142857143	0.142857143	1
35501283	0.387755102	0.660221926	0.097139853	0.142857143	0.173247445	0.056338028	0.142857143	0.142857143	0
35501468	0.755494506	0.495938138	0.151108357	0.142857143	0.380275976	0.014084507	0.142857143	0.142857143	1
35502120	0.619047619	0.538036608	0.139386226	0.142857143	0.257528378	0.042253521	0.142857143	0.142857143	0
35502334	0.588454954	0.529336403	0.527506945	0.142857143	0.471806211	0.225352113	0.285714286	0.142857143	1
35508100	0.510204082	0.606204942	0.055445833	0.142857143	0.091530235	0.056338028	0.142857143	0.142857143	0
35532162	0.577606824	0.530937253	0.436382651	0.142857143	0.472382783	0.253521127	0.285714286	0.142857143	0
35544178	0.583090379	0.507520997	0.037253843	0.142857143	0.345182825	0.014084507	0.142857143	0.142857143	0
35557189	0.578231292	0.554227075	0.030424086	0.142857143	0.504226238	0.056338028	0.142857143	0.142857143	0
35572016	0.578306544	0.53859664	0.392793192	0.142857143	0.474929092	0.197183099	0.285714286	0.142857143	0
35602127	0.408163265	0.661335795	0.033580164	0.142857143	0.13408937	0.056338028	0.142857143	0.142857143	0
35608418	0.588674633	0.530893624	0.485689306	0.142857143	0.485389761	0.281690141	0.285714286	0.142857143	1
35619915	0.584511328	0.534191427	0.428719884	0.142857143	0.512256008	0.211267606	0.428571429	0.142857143	1
35631859	0.444897959	0.657639398	0.228937903	0.142857143	0.780306473	0.112676056	0.142857143	0.142857143	0
35631860	0.581136621	0.536540616	0.38240463	0.142857143	0.419650734	0.084507042	0.285714286	0.142857143	0
35651932	0.364431487	0.703304771	0.109797696	0.142857143	0.183060469	0.042253521	0.142857143	0.142857143	0
35651934	0.56422569	0.549106186	0.104686086	0.142857143	0.26477768	0.042253521	0.142857143	0.142857143	0
35681611	0.594823295	0.530258715	0.117248974	0.142857143	0.3720745	0.070422535	0.142857143	0.142857143	0
35681614	0.66893424	0.492591052	0.056493432	0.142857143	0.091530235	0.014084507	0.142857143	0.142857143	0
35683706	0.602262644	0.53090681	0.164364369	0.142857143	0.441841719	0.14084507	0.142857143	0.142857143	0
35709616	0.573554422	0.540586503	0.264631083	0.142857143	0.506736479	0.042253521	0.428571429	0.285714286	1
35798621	0.611453884	0.530461954	0.369984174	0.142857143	0.450495325	0.098591549	0.285714286	0.142857143	1
36009702	0.566289435	0.545470727	0.619475647	0.571428571	0.663846984	0.436619718	0.857142857	0.857142857	1
36089797	0.680272109	0.537444687	0.119515488	0.142857143	0.389313977	0.056338028	0.142857143	0.142857143	1
36093633	0.637755102	0.534587862	0.089833553	0.142857143	0.365085963	0.112676056	0.142857143	0.142857143	0
36124169	0.598283232	0.528232635	0.515001273	0.142857143	0.456616198	0.169014085	0.285714286	0.142857143	1
36139964	0.697278912	0.494045304	0.095061698	0.142857143	0.225619604	0.042253521	0.142857143	0.142857143	0
36172107	0.646258503	0.502249208	0.0410891	0.142857143	0.353960874	0.014084507	0.142857143	0.142857143	0
36172109	0.459183673	0.663586953	0.066287808	0.142857143	0.34249503	0.014084507	0.142857143	0.142857143	0
36229323	0.587104407	0.529144092	0.296358968	0.142857143	0.453070369	0.014084507	0.285714286	0.285714286	0
36237718	0.621949068	0.497106737	0.454710654	0.142857143	0.526760792	0.014084507	0.428571429	0.285714286	1
36267964	0.607891966	0.532545199	0.41303578	0.142857143	0.43538	0.14084507	0.285714286	0.142857143	1
36290308	0.663265306	0.514780764	0.048814839	0.142857143	0.52183133	0.056338028	0.142857143	0.142857143	1
36290408	0.596546311	0.529283164	0.369050122	0.142857143	0.461667102	0.028169014	0.285714286	0.285714286	1
36355320	0.591836735	0.552187958	0.066902688	0.142857143	0.057749148	0.014084507	0.142857143	0.142857143	0
36452547	0.685131195	0.514357698	0.084386613	0.142857143	0	0.014084507	0.142857143	0.142857143	0
36481311	0.255102041	0.695100772	0.135073429	0.142857143	0.057749148	0.014084507	0.142857143	0.142857143	0
36505802	0.408163265	0.729481277	0.28127248	0.142857143	0.58591894	0.014084507	0.714285714	0.142857143	0
36555806	0.653061224	0.540047918	0.068416649	0.142857143	0.369150887	0.014084507	0.142857143	0.142857143	0
36565935	0.564486036	0.546067291	0.75961	0.142857143	0.605373232	0.014084507	0.714285714	0.142857143	1
36576177	0.562188793	0.547309455	0.482248586	0.142857143	0.476036277	0.014084507	0.428571429	0.142857143	0
36622963	0.563036809	0.547649471	0.755622572	0.142857143	0.603964075	0.014084507	0.714285714	0.142857143	1
36633445	0.55240673	0.54710162	0.546528846	0.142857143	0.46795797	0.014084507	0.285714286	0.142857143	0
36649289	0.562722504	0.546551371	0.749397404	0.142857143	0.608627445	0.014084507	0.714285714	0.142857143	1
36697509	0.596798352	0.532512532	0.241311878	0.142857143	0.469161087	0.070422535	0.285714286	0.285714286	1
36697510	0.510204082	0.606204942	0.042818646	0.142857143	0.585180333	0.014084507	0.714285714	0.142857143	0
36702905	0.56063254	0.550390123	0.709299572	0.142857143	0.577978229	0.014084507	0.571428571	0.142857143	1
36713836	0.572388693	0.545393465	0.729110548	0.142857143	0.441841719	0.014084507	0.285714286	0.142857143	0
36746718	0.563247325	0.545672516	0.4108412	0.142857143	0.544116216	0.098591549	0.571428571	0.428571429	1
36746731	0.579539508	0.54362967	0.16933565	0.142857143	0.373026675	0.014084507	0.142857143	0.142857143	0
36763277	0.412316089	0.704809445	0.372977789	0.142857143	0.358590643	0.014084507	0.142857143	0.142857143	0
36859638	0.571428571	0.55567668	0.085165285	0.142857143	0.386139711	0.042253521	0.142857143	0.142857143	0
36859649	0.592910849	0.529773724	0.501508427	0.142857143	0.434479295	0.014084507	0.285714286	0.142857143	0
36859651	0.363520408	0.694926977	0.101744265	0.142857143	0.366120938	0.028169014	0.142857143	0.142857143	0
36859653	0.592403628	0.539224239	0.101991611	0.142857143	0.496852094	0.014084507	0.285714286	0.142857143	0
36859657	0.452806122	0.660358027	0.101047378	0.142857143	0.219871504	0.014084507	0.142857143	0.142857143	0
36865399	0.676020408	0.511967056	0.054575527	0.142857143	0.149279383	0.014084507	0.142857143	0.142857143	0
37193319	0.674603175	0.504069939	0.122101838	0.142857143	0.350311484	0.014084507	0.142857143	0.142857143	0
37205940	0.56851312	0.55639378	0.130450758	0.142857143	0.3338686	0.014084507	0.142857143	0.142857143	0
37205968	0.602526725	0.53969932	0.131004106	0.142857143	0.365085963	0.014084507	0.142857143	0.142857143	0
37309179	0.594237695	0.521142075	0.176762691	0.142857143	0.329195539	0.084507042	0.142857143	0.142857143	0
37309194	0.680272109	0.453453994	0.149203732	0.142857143	0.3720745	0.014084507	0.142857143	0.142857143	0
37322242	0.62244898	0.512482491	0.256994876	0.142857143	0.575097938	0.056338028	0.142857143	0.142857143	0
37328779	0.510204082	0.606204942	0.021786319	0.142857143	0.057749148	0.042253521	0.142857143	0.142857143	0
37328846	0.593112245	0.487691638	0.088752864	0.142857143	0.330782528	0.014084507	0.142857143	0.142857143	0
37335398	0.676020408	0.517148987	0.101385252	0.142857143	0.351545795	0.126760563	0.142857143	0.142857143	1
37335407	0.319361922	0.793083784	0.302609591	0.142857143	0.80611023	0.126760563	0.285714286	0.142857143	0
37342003	0.621521336	0.495307192	0.174360053	0.142857143	0.25365259	0.112676056	0.142857143	0.142857143	0
37362133	0.602040816	0.497469902	0.201764074	0.142857143	0.450868097	0.126760563	0.142857143	0.142857143	0
37362135	0.408163265	0.661335795	0.052148983	0.142857143	0.351545795	0.014084507	0.142857143	0.142857143	0
37362611	0.44433445	0.674629203	0.283785788	0.142857143	0.515913027	0.126760563	0.285714286	0.142857143	0
37362751	0.637755102	0.534587862	0.039896303	0.142857143	0.637408936	0.169014085	0.142857143	0.142857143	1
37363380	0.714285714	0.495943235	0.058810744	0.142857143	0.26123185	0.014084507	0.142857143	0.142857143	1
37363686	0.435992579	0.6688035	0.121531889	0.142857143	0.362976625	0.014084507	0.142857143	0.142857143	0
37365045	0.574250977	0.543534626	0.120664239	0.142857143	0.236047498	0.084507042	0.142857143	0.142857143	0
37367341	0.612244898	0.495943235	0.01446862	0.142857143	0.339717626	0.014084507	0.142857143	0.142857143	0
37367374	0.637755102	0.496808046	0.087433903	0.142857143	0.360812493	0.014084507	0.142857143	0.142857143	0
37367408	0.714285714	0.606204942	0.166316582	0.142857143	0.379403566	0.056338028	0.142857143	0.142857143	1
37367452	0.446428571	0.69088735	0.089040494	0.142857143	0.347786612	0.014084507	0.142857143	0.142857143	0
37367888	0.551020408	0.562100259	0.130103255	0.142857143	0.34649489	0.014084507	0.142857143	0.142857143	0
37367935	0.557823129	0.559569468	0.083572859	0.142857143	0.364037969	0.014084507	0.142857143	0.142857143	0
37368140	0.56851312	0.539000242	0.12477119	0.142857143	0.367143214	0.014084507	0.142857143	0.142857143	0
37368144	0.633503401	0.533745495	0.102427982	0.142857143	0.356307914	0.014084507	0.142857143	0.142857143	0
35098016	0.724489796	0.506969406	0.086104096	0.142857143	0.494682325	0.056338028	0.142857143	0.142857143	1
35101635	0.571385334	0.542621786	0.73163603	0.428571429	0.713717443	0.014084507	1	0.142857143	1
35101782	0.566069146	0.545665185	0.716642504	0.428571429	0.712808463	0.014084507	1	0.142857143	1
35101785	0.575227884	0.540318777	0.694146682	0.428571429	0.710169545	0.014084507	1	0.142857143	1
35102185	0.510204082	0.606204942	0.054106176	0.142857143	0.404244038	0.169014085	0.142857143	0.142857143	0
35103391	0.581475533	0.534076531	0.61218141	0.142857143	0.520390699	0.352112676	0.142857143	0.142857143	0
35104007	0.576991932	0.536083565	0.686146372	0.571428571	0.768676552	0.802816901	1	0.857142857	1
35106694	0.574413581	0.538286615	0.714315121	0.428571429	0.710086752	0.014084507	1	0.142857143	1
35107390	0.576753275	0.542150197	0.731722352	0.428571429	0.710960198	0.014084507	1	0.142857143	1
35108575	0.576906813	0.537969398	0.713711971	0.428571429	0.712196919	0.014084507	1	0.142857143	1
35109032	0.357142857	0.75293313	0.102434843	0.142857143	0.496637642	0.098591549	0.142857143	0.142857143	0
35112863	0.621155997	0.476350886	0.568672739	0.285714286	1	0.295774648	0.857142857	0.142857143	1
37370173	0.816326531	0.37230454	0.060314523	0.142857143	0.280544265	0.014084507	0.142857143	0.142857143	1
37370341	0.607275378	0.533356975	0.305164953	0.142857143	0.471806211	0.112676056	0.285714286	0.142857143	1
37370485	0.442176871	0.658182809	0.090666342	0.142857143	0.338293413	0.014084507	0.142857143	0.142857143	0
37370563	0.597667639	0.551639548	0.052990737	0.142857143	0.691945906	0.112676056	0.142857143	0.142857143	0
37370577	0.449617347	0.713506153	0.156260029	0.142857143	0.370136868	0.014084507	0.142857143	0.142857143	0
37370625	0.306122449	0.696233248	0.090254983	0.142857143	0.364037969	0.014084507	0.142857143	0.142857143	0
37371029	0.443877551	0.661404666	0.104929337	0.142857143	0.338293413	0.084507042	0.142857143	0.142857143	0
37371313	0.593692022	0.526249887	0.070365321	0.142857143	0.13408937	0.042253521	0.142857143	0.142857143	0
37371451	0.57755102	0.546459781	0.074547416	0.142857143	0.283368753	0.042253521	0.142857143	0.142857143	0
37371605	0.617615467	0.515927594	0.12353169	0.142857143	0.240809617	0.112676056	0.142857143	0.142857143	0
37371815	0.408163265	0.661335795	0.063965405	0.142857143	0.173247445	0.042253521	0.142857143	0.142857143	0
37371995	0.578231292	0.554227075	0.066297989	0.142857143	0.19977923	0.056338028	0.142857143	0.142857143	0
37373061	0.629251701	0.483271517	0.108639317	0.142857143	0.249587667	0.098591549	0.142857143	0.142857143	0
37373082	0.604189044	0.533129516	0.294682323	0.142857143	0.25365259	0.014084507	0.142857143	0.142857143	0
37373228	0.580308459	0.537378893	0.076083069	0.142857143	0.448222973	0.070422535	0.142857143	0.142857143	0
37373232	0.586734694	0.552824722	0.078713022	0.142857143	0.347786612	0.028169014	0.142857143	0.142857143	0
37373883	0.581632653	0.543104796	0.170505428	0.142857143	0.25365259	0.112676056	0.142857143	0.142857143	0
37374293	0.56122449	0.558460222	0.09663852	0.142857143	0.225619604	0.084507042	0.142857143	0.142857143	0
37374610	0.599489796	0.528543296	0.191840326	0.142857143	0.447063125	0.169014085	0.285714286	0.142857143	0
37374812	0.559183673	0.549723389	0.136824223	0.142857143	0.286100618	0.014084507	0.142857143	0.142857143	0
37374872	0.555002489	0.554475032	0.118878031	0.142857143	0.353960874	0.014084507	0.142857143	0.142857143	0
37374900	0.634427684	0.476445866	0.09703693	0.142857143	0.345182825	0.014084507	0.142857143	0.142857143	0
37375012	0.668367347	0.491584464	0.076400137	0.142857143	0.362976625	0.014084507	0.142857143	0.142857143	0
37375044	0.510204082	0.606204942	0.047158778	0.142857143	0.347786612	0.014084507	0.142857143	0.142857143	0
37375088	0.666666667	0.46839006	0.08918038	0.142857143	0.349058613	0.014084507	0.142857143	0.142857143	0
37375116	0.697886297	0.499240437	0.078299671	0.142857143	0.343849766	0.014084507	0.142857143	0.142857143	0
37375119	0.408163265	0.661335795	0.098638099	0.142857143	0.352762085	0.014084507	0.142857143	0.142857143	0
37375157	0.609925789	0.522893951	0.068946093	0.142857143	0.370136868	0.014084507	0.142857143	0.142857143	0
37375387	0.442176871	0.658182809	0.028185682	0.142857143	0.371111316	0.014084507	0.142857143	0.142857143	0
37375529	0.583287369	0.531867872	0.205034363	0.142857143	0.361901585	0.014084507	0.142857143	0.142857143	0
37375561	0.867346939	0.462970783	0.122194801	0.142857143	0.351545795	0.014084507	0.142857143	0.142857143	1
37375745	0.467239527	0.659813048	0.14519085	0.142857143	0.357457097	0.014084507	0.142857143	0.142857143	0
37375934	0.545525903	0.561124249	0.062428867	0.142857143	0.183060469	0.014084507	0.142857143	0.142857143	0
37375965	0.620748299	0.49603899	0.062613796	0.142857143	0.369150887	0.014084507	0.142857143	0.142857143	0
37376027	0.612244898	0.553639735	0.257601346	0.142857143	0.365085963	0.014084507	0.142857143	0.142857143	0
37376049	0.531849103	0.567203647	0.122988302	0.142857143	0.369150887	0.014084507	0.142857143	0.142857143	0
37376086	0.617103984	0.533073139	0.112221251	0.142857143	0.362976625	0.014084507	0.142857143	0.142857143	0
37376234	0.714285714	0.495943235	0.136795449	0.142857143	0.352762085	0.014084507	0.142857143	0.142857143	1
37376312	0.714285714	0.606204942	0.08211368	0.142857143	0.34649489	0.014084507	0.142857143	0.142857143	1
37376351	0.462585034	0.658956715	0.097411215	0.142857143	0.391617748	0.014084507	0.142857143	0.142857143	0
37376354	0.575336518	0.537567082	0.207153687	0.142857143	0.383677037	0.014084507	0.142857143	0.142857143	0
37376740	0.603971318	0.546940223	0.092744054	0.142857143	0.318980999	0.014084507	0.142857143	0.142857143	0
37376849	0.630559916	0.501102181	0.136841931	0.142857143	0.347786612	0.014084507	0.142857143	0.142857143	0
37376852	0.620094191	0.513292905	0.113921137	0.142857143	0.483147982	0.112676056	0.142857143	0.142857143	0
37376854	0.595491928	0.51405325	0.205726048	0.142857143	0.364037969	0.014084507	0.142857143	0.142857143	0
37376966	0.578231292	0.545898209	0.114870682	0.142857143	0.368153098	0.014084507	0.142857143	0.142857143	0
37376999	0.583365422	0.53942898	0.249373056	0.142857143	0.311401739	0.056338028	0.142857143	0.142857143	0
37377042	0.584095707	0.550325303	0.116991113	0.142857143	0.057749148	0.014084507	0.142857143	0.142857143	0
37377107	0.408163265	0.661335795	0.016228378	0.142857143	0.351545795	0.014084507	0.142857143	0.142857143	0
37377198	0.714285714	0.606204942	0.10873073	0.142857143	0.409294943	0.112676056	0.142857143	0.142857143	1
37381324	0.692640693	0.508562258	0.173296517	0.142857143	0.343849766	0.014084507	0.142857143	0.142857143	1
37396846	0.787172012	0.453893519	0.094673691	0.142857143	0.115498297	0.014084507	0.142857143	0.142857143	1
37399070	0.581632653	0.526122751	0.095187862	0.142857143	0.409294943	0.014084507	0.285714286	0.285714286	0
37408951	0.563732759	0.545625634	0.750707732	0.142857143	0.057749148	0.014084507	0.142857143	0.142857143	0
37408964	0.559397111	0.544937856	0.578596487	0.142857143	0.466120077	0.014084507	0.285714286	0.142857143	0
37408977	0.560003615	0.550278837	0.769616751	0.142857143	0.616374509	0.014084507	0.714285714	0.142857143	1
37415769	0.565141879	0.546084111	0.75307717	0.142857143	0.605489592	0.014084507	0.714285714	0.142857143	1
37428888	0.775510204	0.421372641	0.088159232	0.142857143	0.34649489	0.014084507	0.142857143	0.142857143	1
37452432	0.646258503	0.554227075	0.029478303	0.142857143	0.434479295	0.323943662	0.571428571	0.142857143	1
37452436	0.567602041	0.548178798	0.16478602	0.142857143	0.364037969	0.014084507	0.142857143	0.142857143	0
37452601	0.584415584	0.527916627	0.149952965	0.142857143	0.352762085	0.014084507	0.142857143	0.142857143	0
37452751	0.816326531	0.435642621	0.06494129	0.142857143	0.335369801	0.014084507	0.142857143	0.142857143	1
37453364	0.578231292	0.540457563	0.128854901	0.142857143	0.225619604	0.056338028	0.142857143	0.142857143	0
37453737	0.597667639	0.551639548	0.214379309	0.142857143	0.335369801	0.014084507	0.142857143	0.142857143	0
37453786	0.714285714	0.606204942	0.041381268	0.142857143	0.327577732	0.014084507	0.142857143	0.142857143	1
37453837	0.544217687	0.56511283	0.091586007	0.142857143	0.603489009	0.056338028	0.142857143	0.142857143	0
37453868	0.918367347	0.606204942	0.084927345	0.142857143	0.355142659	0.014084507	0.142857143	0.142857143	1
37454099	0.582482993	0.533309863	0.143495391	0.142857143	0.361901585	0.014084507	0.142857143	0.142857143	0
37454380	0.537414966	0.568723169	0.147438551	0.142857143	0.329195539	0.014084507	0.142857143	0.142857143	0
37456464	0.673469388	0.523692636	0.124410407	0.142857143	0.402931973	0.112676056	0.142857143	0.142857143	1
37467965	0.755102041	0.498170974	0.118030301	0.142857143	0.288745742	0.070422535	0.142857143	0.142857143	1
37471440	0.816326531	0.440812382	0.020876282	0.142857143	0.368153098	0.126760563	0.142857143	0.142857143	1
37472519	0.702280912	0.481297139	0.096989011	0.142857143	0.402931973	0.014084507	0.142857143	0.142857143	1
37475324	0.841836735	0.338593056	0.192033998	0.142857143	0.356307914	0.014084507	0.142857143	0.142857143	1
37478248	0.765306122	0.468377808	0.061929747	0.142857143	0.359708974	0.014084507	0.142857143	0.142857143	1
37480551	0.685131195	0.549411479	0.139516816	0.142857143	0.358590643	0.014084507	0.142857143	0.142857143	1
37482229	0.769557823	0.477853745	0.093199239	0.142857143	0.322526828	0.014084507	0.142857143	0.142857143	1
37489243	0.632653061	0.517995576	0.047779635	0.142857143	0.149279383	0.042253521	0.142857143	0.142857143	0
37495784	0.583545918	0.554204872	0.172284997	0.142857143	0.842563578	0.126760563	0.142857143	0.142857143	1
37495826	0.918367347	0.606204942	0.048918425	0.142857143	0.426402634	0.070422535	0.142857143	0.142857143	1
37495827	0.663265306	0.514780764	0.059671422	0.142857143	0.459348063	0.070422535	0.142857143	0.142857143	1
37520038	0.714285714	0.606204942	0.04952733	0.142857143	0.13408937	0.028169014	0.142857143	0.142857143	1
38220109	0.918367347	0.368012432	0.056825551	0.142857143	0.25365259	0.084507042	0.142857143	0.142857143	1
39531336	0.619029786	0.506755549	0.238716675	0.142857143	0.492228444	0.084507042	0.428571429	0.285714286	1
39538649	0.97303207	0	0.165551854	0.142857143	0.3720745	0.014084507	0.142857143	0.142857143	1
39538977	0.714285714	0.516176635	0.061853163	0.142857143	0.377630852	0.014084507	0.142857143	0.142857143	1
39538985	0.56335034	0.531778644	0.228313726	0.142857143	0.359708974	0.014084507	0.142857143	0.142857143	0
39538987	0.71747449	0.507550772	0.086063037	0.142857143	0.355142659	0.014084507	0.142857143	0.142857143	1
39538998	0.55952381	0.549944753	0.081615113	0.142857143	0.34249503	0.014084507	0.142857143	0.142857143	0
39539000	0.612244898	0.510715503	0.076742771	0.142857143	0.351545795	0.014084507	0.142857143	0.142857143	0
39539239	0.714285714	0.39075171	0.124595226	0.142857143	0.207028531	0.014084507	0.142857143	0.142857143	0
39539252	0.346938776	0.702328869	0.050405826	0.142857143	0.351545795	0.014084507	0.142857143	0.142857143	0
39539256	0.590561224	0.538434484	0.122166027	0.142857143	0.370136868	0.014084507	0.142857143	0.142857143	0
39539262	0.699708455	0.454710208	0.052398322	0.142857143	0.336844431	0.014084507	0.142857143	0.142857143	0
39539306	0.590236094	0.527998703	0.132022267	0.142857143	0.360812493	0.014084507	0.142857143	0.142857143	0
39539571	0.598692602	0.510934311	0.172784117	0.142857143	0.360812493	0.014084507	0.142857143	0.142857143	0
39539573	0.765306122	0.425446351	0.053848316	0.142857143	0.352762085	0.014084507	0.142857143	0.142857143	1
39541619	0.850340136	0.502249208	0.0760502	0.142857143	0.353960874	0.014084507	0.142857143	0.142857143	1
39541698	0.720663265	0.523007684	0.130159696	0.142857143	0.361901585	0.014084507	0.142857143	0.142857143	1
39542040	0.534213686	0.55431708	0.11429852	0.142857143	0.336844431	0.014084507	0.142857143	0.142857143	0
39542042	1	0.427050874	0.115934218	0.142857143	0.356307914	0.014084507	0.142857143	0.142857143	1
39542299	0.746173469	0.441423683	0.045340254	0.142857143	0.350311484	0.014084507	0.142857143	0.142857143	1
29545276	0.581817573	0.532471306	0.790536637	0.285714286	0.69126342	0.563380282	1	0.428571429	1
29545278	0.578964272	0.544694204	0.858968116	0.571428571	0.807387541	0.014084507	1	0.142857143	1
29545316	0.572216452	0.539528628	0.679994245	0.142857143	0.64322571	0.408450704	0.714285714	0.285714286	1
29545381	0.579685388	0.533699533	0.77733596	0.714285714	0.798207182	0.718309859	1	0.714285714	1
29545597	0.578092068	0.531757947	0.69569163	0.142857143	0.518098999	0.281690141	0.428571429	0.142857143	1
29545716	0.587475833	0.543636745	0.847737359	0.571428571	0.750565855	0.492957746	1	0.714285714	1
29545896	0.579014267	0.53364983	0.616827322	0.142857143	0.660670476	0.352112676	0.714285714	0.285714286	1
29546015	0.591635102	0.533444098	0.694258458	0.428571429	0.686300726	0.535211268	1	0.571428571	1
29546016	0.573302243	0.545653819	0.91194347	0.285714286	0.736063967	0.014084507	1	0.142857143	1
29546463	0.574170373	0.535275818	0.673584258	1	0.921652989	1	1	1	1
29546558	0.600989874	0.525227152	0.499722219	0.714285714	0.75977997	0.647887324	1	0.857142857	1
29546591	0.587666731	0.526159074	0.221887139	0.142857143	0.560790801	0.23943662	0.428571429	0.142857143	1
